Bus data:
VA_mag			VA_ang			VB_mag			VB_ang			VC_mag			VC_ang
1.062500		0.000000		1.050000		-120.000000		1.068700		120.000000
1.021043		-2.489377		1.042013		-121.720045		1.017451		117.828995
1.018015		-2.553959		1.040119		-121.765405		1.014839		117.824910
0.994041		-3.230008		1.021764		-122.221509		0.996008		117.345356
1.000000		0.000000		1.032842		-121.899732		1.015474		117.856194
1.000000		0.000000		1.031105		-121.975387		1.013414		117.901487
0.990029		-5.295213		1.052930		-122.342570		0.977846		116.025779
0.990029		-5.295214		1.052930		-122.342572		0.977846		116.025778
0.988088		-5.318204		1.000000		-120.000000		0.975834		115.924577
1.000000		0.000000		1.000000		-120.000000		0.973835		115.778735
0.982516		-5.243658		1.000000		-120.000000		1.000000		120.000000
0.989989		-5.296650		1.052935		-122.343285		0.977818		116.024457
0.983486		-5.546678		1.055323		-122.519376		0.975908		116.038954
1.018221		-2.736965		1.042831		-121.777437		1.013559		117.654232
1.015399		-2.986024		1.043685		-121.834657		1.009726		117.481479
1.012577		-3.236561		1.044573		-121.891710		1.005951		117.310788
1.009756		-3.488588		1.045496		-121.948599		1.002235		117.142211
1.006935		-3.742111		1.046454		-122.005328		0.998576		116.975800
1.004115		-3.997141		1.047447		-122.061902		0.994976		116.811609
1.001295		-4.253686		1.048475		-122.118323		0.991434		116.649689
0.998477		-4.511756		1.049537		-122.174597		0.987950		116.490094
0.995660		-4.771361		1.050633		-122.230727		0.984524		116.332875
0.992844		-5.032510		1.051764		-122.286717		0.981156		116.178087
